persig: [(5, 0.8450980400142568)]
graci: [(5, 0.6207490639591157)]
aragorn: [(5, 0.44550217894536387)]
nob: [(5, 0.8450980400142568)]
logr: [(5, 0.5177318877571058)]
atac: [(5, 0.44550217894536387)]
noch: [(5, 0.8450980400142568)]
dia: [(5, 0.47712125471966244)]
par: [(5, 0.8450980400142568)]
amon: [(5, 0.6020599913279624)]
sûl: [(5, 0.8450980400142568)]
hir: [(5, 0.8450980400142568)]
graved: [(5, 0.8450980400142568)]
combat: [(5, 0.8450980400142568)]
escap: [(5, 0.3424226808222063)]
vad: [(5, 0.6020599913279624)]
bruin: [(5, 0.8450980400142568)]
encuentr: [(5, 0.3424226808222063)]
glorfindel: [(5, 1.0994978993353877)]
elfo: [(5, 0.6020599913279624)]
elrond: [(5, 0.47712125471966244)]
persegu: [(5, 0.6020599913279624)]
orden: [(5, 0.47712125471966244)]
caball: [(5, 0.6020599913279624)]
asfaloth: [(5, 0.8450980400142568)]
llev: [(5, 0.3424226808222063)]
mont: [(5, 0.47712125471966244)]
arrastr: [(5, 0.6020599913279624)]
corrient: [(5, 0.8450980400142568)]

0: 1.0822800760290814
1: 1.1443688801090668
2: 1.3351107803516689
3: 1.8120928389188868
4: 3.1553576994649037
5: 9.403589424415264
